review_notes/因果推断/uplift/酒店券包多干预Uplift实践.md
  s_dcb7254b920bc5::t_f8c9b6560f8c06 1,3,7,9,11,13,15,17,19,21,23-26,28,31,34,37,40,43,46,48,50-55,57,59,61-63,66,69,71,73,75-81,83,86-91,94,96,98,100,102-107,109,112,115,117,119,121-127,129,131,133,135,137-143,145,147,149,151-155,157,159-162,164,166-170,172,174,176,179-184,187,189,191,194-198,201,203-207,209,211,213-218,220,223-224,227,229,231,233-240,242,245,248,251,254,256,258-263,265,267,270,273,277,279,282-284,287,289,291,293-297,299,301-305,307,309,311,313,315-317,319,322,325,327,329,331-334,336,338,340-342,344,348,350,352,355-356,359,361,364-365,368,370,372-377,379,382,385,388,391,393,395-400,402,404,406,409,412,414,416,418,421-423,426,428,430,433,437,441,444,446,448-452,454,456,459,462,466,468,470-475,477,479,481-485,487,489-494,496,498,500-505,507,510,513,516,519,521,523-528,530,532,535,539,542-544,547,550,553,556,560,562,565-566,569,571,573,575-579,581,583-587,589,591,593,595-597,599,601,603-606,608,610,612-614,616,618-620,622,626,628,630,632-634,636,638,640,642-644,646,648,650,652,654-657,659,661,663-665,667,669-671,673,675-678,680,682,684,686-690,692-694,696-699,703,705,707,709-711,713,715-717,719,721,723-726,728,730,732-734,736,738-740,742,745,748,750,752-758,760,762,765-767,770,772,774,776,778,780-783,785,788,792,796,799-800,802,805,807,809,812,815-817,820,823,825,828,831,833,835,838,841,844,847,850,853,855-857,859,862,865,867,869,871,874,877,880,883,886,889,892,895,897,900,903,906,909,911,913-914,916,918,920,922,924-930,932,934,936,938,940-949,951,953,955-958,960,962-965,967,969-974,976,978,980-986,988,990,992,995-999,1002,1004-1010,1014,1016
---
{
  "schema_version": "authorship/3.0.0",
  "git_ai_version": "1.6.14",
  "base_commit_sha": "6458a59f4f2e7f997f902ccaddadab5fabd4e420",
  "prompts": {},
  "sessions": {
    "s_dcb7254b920bc5": {
      "agent_id": {
        "tool": "cursor",
        "id": "75ae2945-2de6-4c50-9e5f-466d83c91aa7",
        "model": "unknown"
      },
      "human_author": "chendong <dong4.chen@ly.com>"
    }
  }
}